{
  "cities": [
    "City_1",
    "City_2",
    "City_3",
    "City_4",
    "City_5",
    "City_6"
  ],
  "distance_matrix": [
    [
      0.0,
      41.481171237920705,
      65.88746635715367,
      26.022883993382464,
      21.755763841005514,
      63.85875855203627
    ],
    [
      41.481171237920705,
      0.0,
      64.6978105435541,
      63.2016188470706,
      24.28707396188146,
      28.772474815033508
    ],
    [
      65.88746635715367,
      64.6978105435541,
      0.0,
      60.9969442927143,
      71.9321809686648,
      54.544486286603885
    ],
    [
      26.022883993382464,
      63.2016188470706,
      60.9969442927143,
      0.0,
      47.37167017644104,
      79.29253480494386
    ],
    [
      21.755763841005514,
      24.28707396188146,
      71.9321809686648,
      47.37167017644104,
      0.0,
      51.718449151394346
    ],
    [
      63.85875855203627,
      28.772474815033508,
      54.544486286603885,
      79.29253480494386,
      51.718449151394346,
      0.0
    ]
  ],
  "coordinates": [
    [
      63.942679845788376,
      2.5010755222666936
    ],
    [
      27.502931836911927,
      22.321073814882276
    ],
    [
      73.64712141640123,
      67.66994874229113
    ],
    [
      89.21795677048453,
      8.693883262941615
    ],
    [
      42.192181968527045,
      2.9797219438070344
    ],
    [
      21.863797480360336,
      50.53552881033624
    ]
  ],
  "generated_with_seed": 42
}